<?xml version="1.0"?>
<opencv_storage>
<M1 type_id="opencv-matrix">
  <rows>3</rows>
  <cols>3</cols>
  <dt>d</dt>
  <data>
    5.4806468013885001e+02 0. 3.2621338111305460e+02 0.
    5.4257492281492728e+02 2.4231903459315291e+02 0. 0. 1.</data></M1>
<D1 type_id="opencv-matrix">
  <rows>1</rows>
  <cols>14</cols>
  <dt>d</dt>
  <data>
    -3.0768301294651185e-01 1.6161192255121057e-01 0. 0. 0. 0. 0.
    6.1076400225858953e-02 0. 0. 0. 0. 0. 0.</data></D1>
<M2 type_id="opencv-matrix">
  <rows>3</rows>
  <cols>3</cols>
  <dt>d</dt>
  <data>
    5.4806468013885001e+02 0. 3.4180988594804376e+02 0.
    5.4257492281492728e+02 2.3169400609265449e+02 0. 0. 1.</data></M2>
<D2 type_id="opencv-matrix">
  <rows>1</rows>
  <cols>14</cols>
  <dt>d</dt>
  <data>
    -3.1005935951308500e-01 1.9781146664260349e-01 0. 0. 0. 0. 0.
    2.9116778078528333e-01 0. 0. 0. 0. 0. 0.</data></D2>
</opencv_storage>
