<?xml version="1.0"?>
<opencv_storage>
<R type_id="opencv-matrix">
  <rows>3</rows>
  <cols>3</cols>
  <dt>d</dt>
  <data>
    9.9995162516661795e-01 -5.0795291591867100e-03
    -8.4229276478302202e-03 5.0739282835744279e-03
    9.9998689211036418e-01 -6.8619183039733385e-04
    8.4263027724355011e-03 6.4342130515901994e-04 9.9996429107774210e-01</data></R>
<T type_id="opencv-matrix">
  <rows>3</rows>
  <cols>1</cols>
  <dt>d</dt>
  <data>
    1.6757328687981285e+02 -1.4317136912201431e+00
    4.9524257512429104e+00</data></T>
<R1 type_id="opencv-matrix">
  <rows>3</rows>
  <cols>3</cols>
  <dt>d</dt>
  <data>
    -9.9968435336640404e-01 1.3597774749952777e-02
    -2.1125675284925715e-02 -1.3608930107295761e-02
    -9.9990732034747742e-01 3.8436553138097461e-04
    -2.1118490848763646e-02 6.7174204611694503e-04
    9.9977675413408862e-01</data></R1>
<R2 type_id="opencv-matrix">
  <rows>3</rows>
  <cols>3</cols>
  <dt>d</dt>
  <data>
    -9.9952712406128119e-01 8.5397660624202017e-03
    -2.9539814850186488e-02 -8.5324508704397988e-03
    -9.9996352815654432e-01 -3.7368283248713822e-04
    -2.9541928642654550e-02 -1.2145910793579705e-04
    9.9956353459885539e-01</data></R2>
<P1 type_id="opencv-matrix">
  <rows>3</rows>
  <cols>4</cols>
  <dt>d</dt>
  <data>
    -1.2276227581819117e+02 0. 2.2403234100341797e+02 0. 0.
    -1.2276227581819117e+02 2.7724643707275391e+02 0. 0. 0. 1. 0.</data></P1>
<P2 type_id="opencv-matrix">
  <rows>3</rows>
  <cols>4</cols>
  <dt>d</dt>
  <data>
    -1.2276227581819117e+02 0. 2.2403234100341797e+02
    2.0581410517519085e+04 0. -1.2276227581819117e+02
    2.7724643707275391e+02 0. 0. 0. 1. 0.</data></P2>
<Q type_id="opencv-matrix">
  <rows>4</rows>
  <cols>4</cols>
  <dt>d</dt>
  <data>
    1. 0. 0. -2.2403234100341797e+02 0. 1. 0. -2.7724643707275391e+02 0.
    0. 0. -1.2276227581819117e+02 0. 0. 5.9647163499165802e-03 0.</data></Q>
<ROI1>
  140 212 173 132</ROI1>
<ROI2>
  140 212 173 132</ROI2>
</opencv_storage>
