<?xml version="1.0"?>
<opencv_storage>
<M1 type_id="opencv-matrix">
  <rows>3</rows>
  <cols>3</cols>
  <dt>d</dt>
  <data>
    1.1107739021011826e+03 0. 3.1988029321631126e+02 0.
    1.1015001110586761e+03 2.4067276671943199e+02 0. 0. 1.</data></M1>
<D1 type_id="opencv-matrix">
  <rows>1</rows>
  <cols>14</cols>
  <dt>d</dt>
  <data>
    5.1353783392711239e-02 2.8149438106798663e-01 0. 0. 0. 0. 0.
    7.6303180792236400e+00 0. 0. 0. 0. 0. 0.</data></D1>
<M2 type_id="opencv-matrix">
  <rows>3</rows>
  <cols>3</cols>
  <dt>d</dt>
  <data>
    1.1107739021011826e+03 0. 3.2076813834252681e+02 0.
    1.1015001110586761e+03 2.3742127132175531e+02 0. 0. 1.</data></M2>
<D2 type_id="opencv-matrix">
  <rows>1</rows>
  <cols>14</cols>
  <dt>d</dt>
  <data>
    -5.2252620536712294e-03 -7.8430241888365992e-01 0. 0. 0. 0. 0.
    -1.7457154807501723e+01 0. 0. 0. 0. 0. 0.</data></D2>
</opencv_storage>
