<?xml version="1.0"?>
<opencv_storage>
<calibration_Time>"Fri May  4 02:07:15 2018"</calibration_Time>
<nrOfFrames>7</nrOfFrames>
<image_Width>640</image_Width>
<image_Height>480</image_Height>
<board_Width>9</board_Width>
<board_Height>6</board_Height>
<square_Size>50.</square_Size>
<FixAspectRatio>1.</FixAspectRatio>
<!-- flags:  +fix_aspectRatio +fix_principal_point +zero_tangent_dist -->
<flagValue>14</flagValue>
<Camera_Matrix type_id="opencv-matrix">
  <rows>3</rows>
  <cols>3</cols>
  <dt>d</dt>
  <data>
    5.4256653839912303e+02 0. 320. 0. 5.4256653839912303e+02 240. 0. 0.
    1.</data></Camera_Matrix>
<Distortion_Coefficients type_id="opencv-matrix">
  <rows>5</rows>
  <cols>1</cols>
  <dt>d</dt>
  <data>
    -2.7908441370050285e-01 9.8786767783966112e-02 0. 0.
    -2.5056690722553197e-02</data></Distortion_Coefficients>
<Avg_Reprojection_Error>5.5691481931252373e-01</Avg_Reprojection_Error>
<Per_View_Reprojection_Errors type_id="opencv-matrix">
  <rows>7</rows>
  <cols>1</cols>
  <dt>f</dt>
  <data>
    3.17880332e-01 4.09120828e-01 1.16850841e+00 2.04346359e-01
    2.43724123e-01 6.22851372e-01 2.19400346e-01</data></Per_View_Reprojection_Errors>
<!-- a set of 6-tuples (rotation vector + translation vector) for each view -->
<Extrinsic_Parameters type_id="opencv-matrix">
  <rows>7</rows>
  <cols>6</cols>
  <dt>d</dt>
  <data>
    1.9236839680515633e-01 3.7300442065562661e-01 1.8584397007619722e+00
    -1.1426585518317640e+02 -1.3188512023668704e+02
    7.8610466674374027e+02 1.5095945635485972e-01 2.8830242942537021e-01
    6.5349732538998659e-03 -3.0341115831978954e+02
    -2.0501327172407792e+02 8.1128662291309672e+02
    3.9177548707808973e-01 6.5871033377471377e-01
    -1.3529040013841080e+00 -2.6926601692126150e+02
    1.7767112803722844e+02 7.1385722376262277e+02
    -2.8242658685959060e-01 2.1176116021175073e-01
    3.5165253380099187e-01 -2.3567378803100601e+02
    -1.9029709488338668e+02 6.4562638535383815e+02
    -1.2403420765776739e-01 2.6213456225736070e-01
    -7.7476801907686950e-03 -3.5172329715733520e+02
    -1.2286674725780016e+02 6.7334770510971259e+02
    -2.8491760767219698e-01 4.5230403809672753e-01
    1.3102061852181834e+00 -3.8971023726123825e+01
    -2.2129181972331310e+02 6.3990498929702142e+02
    4.1185071504282073e-01 3.2556784620524365e-01 1.6409620235280034e+00
    1.7985282185671539e+02 -1.2174856370490521e+02
    6.7633387830179527e+02</data></Extrinsic_Parameters>
<Image_points type_id="opencv-matrix">
  <rows>7</rows>
  <cols>54</cols>
  <dt>"2f"</dt>
  <data>
    2.42445587e+02 1.50168716e+02 2.31023453e+02 1.82219666e+02
    2.19738220e+02 2.14672684e+02 2.08571472e+02 2.47240646e+02
    1.97833694e+02 2.79770660e+02 1.87487839e+02 3.12108582e+02
    1.77515030e+02 3.43958740e+02 1.67813629e+02 3.75301117e+02
    1.58936127e+02 4.06043091e+02 2.15002792e+02 1.43463028e+02
    2.03673401e+02 1.74526031e+02 1.92516342e+02 2.06025116e+02
    1.81759232e+02 2.37708145e+02 1.71197784e+02 2.69369904e+02
    1.61222900e+02 3.00753418e+02 1.51634811e+02 3.31840088e+02
    1.42493744e+02 3.62556549e+02 1.33931686e+02 3.92257233e+02
    1.89197647e+02 1.37284515e+02 1.77901962e+02 1.67392517e+02
    1.67011444e+02 1.97980759e+02 1.56478653e+02 2.28815811e+02
    1.46312775e+02 2.59401428e+02 1.36673401e+02 2.89993835e+02
    1.27401054e+02 3.20318359e+02 1.18673218e+02 3.50250275e+02
    1.10263260e+02 3.80420868e+02 1.64956360e+02 1.31530136e+02
    1.54166504e+02 1.60748093e+02 1.43347656e+02 1.90510239e+02
    1.33136627e+02 2.20397415e+02 1.23291283e+02 2.50127380e+02
    1.13994751e+02 2.79775482e+02 1.04906143e+02 3.09263092e+02
    9.65952682e+01 3.38454254e+02 8.87409897e+01 3.66864197e+02
    1.42424194e+02 1.26313454e+02 1.31820694e+02 1.54588882e+02
    1.21273674e+02 1.83427658e+02 1.11297630e+02 2.12455139e+02
    1.01812386e+02 2.41341064e+02 9.26569901e+01 2.70203949e+02
    8.40685349e+01 2.98763641e+02 7.59697495e+01 3.27197327e+02
    6.82212753e+01 3.56525574e+02 1.21629417e+02 1.21540321e+02
    1.10903000e+02 1.48971725e+02 1.00821907e+02 1.76927628e+02
    9.12251663e+01 2.04976593e+02 8.19586105e+01 2.33075150e+02
    7.30446320e+01 2.60992493e+02 6.47509613e+01 2.88908722e+02
    5.70177040e+01 3.16526428e+02 4.95467110e+01 3.43691681e+02
    1.27647835e+02 1.10525009e+02 1.53826935e+02 1.07838440e+02
    1.81373810e+02 1.05089455e+02 2.10973297e+02 1.02411888e+02
    2.41478806e+02 1.00094627e+02 2.74370148e+02 9.79861908e+01
    3.08524872e+02 9.60571594e+01 3.44051910e+02 9.42476120e+01
    3.80808533e+02 9.30838776e+01 1.28762909e+02 1.41972961e+02
    1.54646729e+02 1.40033218e+02 1.82243881e+02 1.38161682e+02
    2.11302826e+02 1.36324799e+02 2.42431427e+02 1.34782516e+02
    2.74815704e+02 1.33582367e+02 3.08908569e+02 1.32242676e+02
    3.44679901e+02 1.31379318e+02 3.81290833e+02 1.30571945e+02
    1.29667816e+02 1.73372574e+02 1.55429062e+02 1.72203934e+02
    1.83134171e+02 1.71467880e+02 2.12421860e+02 1.70369064e+02
    2.43153717e+02 1.69921082e+02 2.75349213e+02 1.69246857e+02
    3.09414093e+02 1.68598053e+02 3.45023621e+02 1.68384445e+02
    3.81547943e+02 1.68338257e+02 1.30161591e+02 2.04190491e+02
    1.57052414e+02 2.04298615e+02 1.84595947e+02 2.04331146e+02
    2.13388107e+02 2.04274765e+02 2.44072586e+02 2.04377136e+02
    2.76393066e+02 2.04542358e+02 3.10110168e+02 2.05049225e+02
    3.45336700e+02 2.05526566e+02 3.81720245e+02 2.06089371e+02
    1.33172760e+02 2.35676559e+02 1.58938644e+02 2.36246429e+02
    1.86233109e+02 2.37157776e+02 2.15036377e+02 2.37984711e+02
    2.45309418e+02 2.38793503e+02 2.77290741e+02 2.39970932e+02
    3.10706116e+02 2.40870560e+02 3.45648499e+02 2.42017365e+02
    3.81635254e+02 2.43305618e+02 1.32858521e+02 2.65559631e+02
    1.60938431e+02 2.67595703e+02 1.88203720e+02 2.69028290e+02
    2.16921387e+02 2.70566925e+02 2.46809219e+02 2.72305725e+02
    2.78411530e+02 2.74135437e+02 3.11325531e+02 2.75845673e+02
    3.45992676e+02 2.77697845e+02 3.81423248e+02 2.79429291e+02
    1.28079315e+02 3.71512360e+02 1.20215820e+02 3.44348694e+02
    1.12852547e+02 3.19478088e+02 1.05204216e+02 2.91918732e+02
    9.69336853e+01 2.61355347e+02 8.83628006e+01 2.27325714e+02
    7.96360626e+01 1.89411224e+02 7.04237137e+01 1.47436279e+02
    6.20465126e+01 1.01162003e+02 1.59152893e+02 3.78818939e+02
    1.53475754e+02 3.53650940e+02 1.47752762e+02 3.28824890e+02
    1.41623917e+02 3.01451172e+02 1.35062912e+02 2.70562866e+02
    1.28214264e+02 2.36161926e+02 1.21215401e+02 1.97457840e+02
    1.13913139e+02 1.54473495e+02 1.06699120e+02 1.06497322e+02
    1.92852234e+02 3.90136505e+02 1.88651169e+02 3.63279114e+02
    1.84521240e+02 3.38536255e+02 1.80322586e+02 3.11077026e+02
    1.75833755e+02 2.80379822e+02 1.71095810e+02 2.45469940e+02
    1.66126389e+02 2.06520355e+02 1.61136642e+02 1.62361893e+02
    1.56330338e+02 1.13350769e+02 2.27127777e+02 3.97447571e+02
    2.25141388e+02 3.72384094e+02 2.23189484e+02 3.48317261e+02
    2.21063431e+02 3.20836914e+02 2.18898529e+02 2.90283173e+02
    2.16630081e+02 2.55240356e+02 2.14276047e+02 2.15915833e+02
    2.12087357e+02 1.71121857e+02 2.10152557e+02 1.21021988e+02
    2.63098175e+02 4.06621521e+02 2.63272461e+02 3.81677582e+02
    2.63241821e+02 3.57775787e+02 2.63529419e+02 3.30666473e+02
    2.63954132e+02 3.00039886e+02 2.64659119e+02 2.65322540e+02
    2.65131439e+02 2.26179871e+02 2.66389679e+02 1.80996048e+02
    2.67999695e+02 1.30138016e+02 2.98972961e+02 4.15546844e+02
    3.01719360e+02 3.90706268e+02 3.04460449e+02 3.66947540e+02
    3.07187073e+02 3.40343018e+02 3.10481598e+02 3.10172302e+02
    3.14076324e+02 2.75664856e+02 3.18125427e+02 2.36373856e+02
    3.22859924e+02 1.91313660e+02 3.28279358e+02 1.40449860e+02
    1.32957443e+02 8.94680099e+01 1.64485336e+02 9.69091492e+01
    1.98351013e+02 1.05159019e+02 2.34511810e+02 1.14305817e+02
    2.73301575e+02 1.24412415e+02 3.14257050e+02 1.35590927e+02
    3.57407990e+02 1.47665146e+02 4.02258453e+02 1.60864182e+02
