<?xml version="1.0"?>
<opencv_storage>
<R type_id="opencv-matrix">
  <rows>3</rows>
  <cols>3</cols>
  <dt>d</dt>
  <data>
    9.9960062310729814e-01 1.4024481858523409e-02 2.4533817316132769e-02
    -1.3990987227974915e-02 9.9990094101322902e-01
    -1.5363714543419047e-03 -2.4552933834637181e-02
    1.1925055383609755e-03 9.9969782002895902e-01</data></R>
<T type_id="opencv-matrix">
  <rows>3</rows>
  <cols>1</cols>
  <dt>d</dt>
  <data>
    -8.5850737967182255e+01 6.0735720918742164e-01
    9.5606098158773134e-01</data></T>
<R1 type_id="opencv-matrix">
  <rows>3</rows>
  <cols>3</cols>
  <dt>d</dt>
  <data>
    9.9988601274355593e-01 6.9367270452091656e-03 1.3410568134629000e-02
    -6.9276340812861881e-03 9.9997574128544808e-01
    -7.2438018633637098e-04 -1.3415267639114218e-02
    6.3139410736745484e-04 9.9990981190087935e-01</data></R1>
<R2 type_id="opencv-matrix">
  <rows>3</rows>
  <cols>3</cols>
  <dt>d</dt>
  <data>
    9.9991297780605393e-01 -7.0739561477353935e-03
    -1.1135347298109473e-02 7.0815024871467812e-03
    9.9997472205871252e-01 6.3840905778505424e-04 1.1130549741775169e-02
    -7.1720849161500304e-04 9.9993779630256263e-01</data></R2>
<P1 type_id="opencv-matrix">
  <rows>3</rows>
  <cols>4</cols>
  <dt>d</dt>
  <data>
    1.1995589871991860e+03 0. 3.1890188980102539e+02 0. 0.
    1.1995589871991860e+03 2.3920618438720703e+02 0. 0. 0. 1. 0.</data></P1>
<P2 type_id="opencv-matrix">
  <rows>3</rows>
  <cols>4</cols>
  <dt>d</dt>
  <data>
    1.1995589871991860e+03 0. 3.1890188980102539e+02
    -1.0299198687487254e+05 0. 1.1995589871991860e+03
    2.3920618438720703e+02 0. 0. 0. 1. 0.</data></P2>
<Q type_id="opencv-matrix">
  <rows>4</rows>
  <cols>4</cols>
  <dt>d</dt>
  <data>
    1. 0. 0. -3.1890188980102539e+02 0. 1. 0. -2.3920618438720703e+02 0.
    0. 0. 1.1995589871991860e+03 0. 0. 1.1647109873281301e-02 0.</data></Q>
<ROI1>
  0 0 640 480</ROI1>
<ROI2>
  0 0 640 480</ROI2>
</opencv_storage>
