<?xml version="1.0"?>
<opencv_storage>
<R type_id="opencv-matrix">
  <rows>3</rows>
  <cols>3</cols>
  <dt>d</dt>
  <data>
    9.9986024024069309e-01 1.2437825358719042e-02 1.1171413794569172e-02
    -1.2152307223793910e-02 9.9960674342810352e-01
    -2.5272117485486096e-02 -1.1481350746406591e-02
    2.5132827007873410e-02 9.9961818690519544e-01</data></R>
<T type_id="opencv-matrix">
  <rows>3</rows>
  <cols>1</cols>
  <dt>d</dt>
  <data>
    -8.7298751805920105e+01 -8.7297064598924201e-01
    1.9024846892698053e+00</data></T>
<R1 type_id="opencv-matrix">
  <rows>3</rows>
  <cols>3</cols>
  <dt>d</dt>
  <data>
    9.9970159618345666e-01 2.1879696137633808e-02
    -1.0862664736331830e-02 -2.2017237507502625e-02
    9.9967682220440346e-01 -1.2707965999468662e-02
    1.0581107729692268e-02 1.2943339763378100e-02 9.9986024529180184e-01</data></R1>
<R2 type_id="opencv-matrix">
  <rows>3</rows>
  <cols>3</cols>
  <dt>d</dt>
  <data>
    9.9971266264577585e-01 9.9969334138214627e-03
    -2.1786543278202532e-02 -9.7223206006192154e-03
    9.9987241016844952e-01 1.2674378330889777e-02 2.1910468453051068e-02
    -1.2458920750023795e-02 9.9968230286722204e-01</data></R2>
<P1 type_id="opencv-matrix">
  <rows>3</rows>
  <cols>4</cols>
  <dt>d</dt>
  <data>
    1.2040274398484351e+03 0. 3.4307806396484375e+02 0. 0.
    1.2040274398484351e+03 2.3811871719360352e+02 0. 0. 0. 1. 0.</data></P1>
<P2 type_id="opencv-matrix">
  <rows>3</rows>
  <cols>4</cols>
  <dt>d</dt>
  <data>
    1.2040274398484351e+03 0. 3.4307806396484375e+02
    -1.0514030337544018e+05 0. 1.2040274398484351e+03
    2.3811871719360352e+02 0. 0. 0. 1. 0.</data></P2>
<Q type_id="opencv-matrix">
  <rows>4</rows>
  <cols>4</cols>
  <dt>d</dt>
  <data>
    1. 0. 0. -3.4307806396484375e+02 0. 1. 0. -2.3811871719360352e+02 0.
    0. 0. 1.2040274398484351e+03 0. 0. 1.1451626076719928e-02 0.</data></Q>
<ROI1>
  0 0 640 480</ROI1>
<ROI2>
  0 0 640 480</ROI2>
</opencv_storage>
